date,cases,new_cases,cases_per_10k,cases_last_14_days,avg_cases_last_14_days,population
2020-03-16,0,0,0,0,0,36484
2020-03-17,0,0,0,0,0,36484
2020-03-18,0,0,0,0,0,36484
2020-03-19,0,0,0,0,0,36484
2020-03-20,0,0,0,0,0,36484
2020-03-21,0,0,0,0,0,36484
2020-03-22,0,0,0,0,0,36484
2020-03-23,0,0,0,0,0,36484
2020-03-24,0,0,0,0,0,36484
2020-03-25,0,0,0,0,0,36484
2020-03-26,0,0,0,0,0,36484
2020-03-27,1,1,0,1,0,36484
2020-03-28,1,0,0,1,0,36484
2020-03-29,1,0,0,1,0,36484
2020-03-30,1,0,0,1,0,36484
2020-03-31,2,1,1,2,0,36484
2020-04-01,3,1,1,3,0,36484
2020-04-02,3,0,1,3,0,36484
2020-04-03,4,1,1,4,0,36484
2020-04-04,3,-1,1,3,0,36484
2020-04-05,5,2,1,5,0,36484
2020-04-06,6,1,2,6,0,36484
2020-04-07,6,0,2,6,0,36484
2020-04-08,8,2,2,8,1,36484
2020-04-09,8,0,2,8,1,36484
2020-04-10,10,2,3,9,1,36484
2020-04-11,10,0,3,9,1,36484
2020-04-12,12,2,3,11,1,36484
2020-04-13,12,0,3,11,1,36484
2020-04-14,13,1,4,11,1,36484
2020-04-15,13,0,4,10,1,36484
2020-04-16,13,0,4,10,1,36484
2020-04-17,14,1,4,10,1,36484
2020-04-18,15,1,4,12,1,36484
2020-04-19,15,0,4,10,1,36484
2020-04-20,16,1,4,10,1,36484
2020-04-21,19,3,5,13,1,36484
2020-04-22,21,2,6,13,1,36484
2020-04-23,21,0,6,13,1,36484
2020-04-24,22,1,6,12,1,36484
2020-04-25,22,0,6,12,1,36484
2020-04-26,22,0,6,10,1,36484
2020-04-27,22,0,6,10,1,36484
2020-04-28,22,0,6,9,1,36484
2020-04-29,24,2,7,11,1,36484
2020-04-30,24,0,7,11,1,36484
2020-05-01,24,0,7,10,1,36484
2020-05-02,24,0,7,9,1,36484
2020-05-03,24,0,7,9,1,36484
2020-05-04,24,0,7,8,1,36484
2020-05-05,27,3,7,8,1,36484
2020-05-06,27,0,7,6,0,36484
2020-05-07,27,0,7,6,0,36484
2020-05-08,28,1,8,6,0,36484
2020-05-09,29,1,8,7,0,36484
2020-05-10,29,0,8,7,0,36484
2020-05-11,29,0,8,7,0,36484
2020-05-12,30,1,8,8,1,36484
2020-05-13,30,0,8,6,0,36484
2020-05-14,30,0,8,6,0,36484
2020-05-15,30,0,8,6,0,36484
2020-05-16,30,0,8,6,0,36484
2020-05-17,31,1,8,7,0,36484
2020-05-18,32,1,9,8,1,36484
2020-05-19,32,0,9,5,0,36484
2020-05-20,32,0,9,5,0,36484
2020-05-21,33,1,9,6,0,36484
2020-05-22,33,0,9,5,0,36484
2020-05-23,34,1,9,5,0,36484
2020-05-24,35,1,10,6,0,36484
2020-05-25,35,0,10,6,0,36484
2020-05-26,36,1,10,6,0,36484
2020-05-27,38,2,10,8,1,36484
2020-05-28,38,0,10,8,1,36484
2020-05-29,40,2,11,10,1,36484
2020-05-30,42,2,12,12,1,36484
2020-05-31,45,3,12,14,1,36484
2020-06-01,45,0,12,13,1,36484
2020-06-02,49,4,13,17,1,36484
2020-06-03,54,5,15,22,2,36484
2020-06-04,56,2,15,23,2,36484
2020-06-05,58,2,16,25,2,36484
2020-06-06,58,0,16,24,2,36484
2020-06-07,59,1,16,24,2,36484
2020-06-08,59,0,16,24,2,36484
2020-06-09,60,1,16,24,2,36484
2020-06-10,66,6,18,28,2,36484
2020-06-11,67,1,18,29,2,36484
2020-06-12,68,1,19,28,2,36484
2020-06-13,70,2,19,28,2,36484
2020-06-14,72,2,20,27,2,36484
2020-06-15,72,0,20,27,2,36484
2020-06-16,71,-1,19,22,2,36484
2020-06-17,71,0,19,17,1,36484
2020-06-18,72,1,20,16,1,36484
2020-06-19,77,5,21,19,1,36484
2020-06-20,81,4,22,23,2,36484
2020-06-21,83,2,23,24,2,36484
2020-06-22,85,2,23,26,2,36484
2020-06-23,87,2,24,27,2,36484
2020-06-24,88,1,24,22,2,36484
2020-06-25,91,3,25,24,2,36484
2020-06-26,95,4,26,27,2,36484
2020-06-27,96,1,26,26,2,36484
2020-06-28,98,2,27,26,2,36484
2020-06-29,103,5,28,31,2,36484
2020-06-30,106,3,29,35,2,36484
2020-07-01,108,2,30,37,3,36484
2020-07-02,113,5,31,41,3,36484
2020-07-03,113,0,31,36,3,36484
2020-07-04,113,0,31,32,2,36484
2020-07-05,113,0,31,30,2,36484
2020-07-06,132,19,36,47,3,36484
2020-07-07,136,4,37,49,4,36484
2020-07-08,142,6,39,54,4,36484
2020-07-09,146,4,40,55,4,36484
2020-07-10,148,2,41,53,4,36484
2020-07-11,155,7,42,59,4,36484
2020-07-12,164,9,45,66,5,36484
2020-07-13,166,2,45,63,4,36484
2020-07-14,174,8,48,68,5,36484
2020-07-15,180,6,49,72,5,36484
2020-07-16,189,9,52,76,5,36484
2020-07-17,192,3,53,79,6,36484
2020-07-18,199,7,55,86,6,36484
2020-07-19,204,5,56,91,6,36484
2020-07-20,206,2,56,74,5,36484
2020-07-21,208,2,57,72,5,36484
2020-07-22,211,3,58,69,5,36484
2020-07-23,214,3,59,68,5,36484
2020-07-24,215,1,59,67,5,36484
2020-07-25,219,4,60,64,5,36484
2020-07-26,226,7,62,62,4,36484
2020-07-27,231,5,63,65,5,36484
2020-07-28,236,5,65,62,4,36484
2020-07-29,239,3,66,59,4,36484
2020-07-30,243,4,67,54,4,36484
2020-07-31,248,5,68,56,4,36484
2020-08-01,249,1,68,50,4,36484
2020-08-02,250,1,69,46,3,36484
2020-08-03,253,3,69,47,3,36484
2020-08-04,253,0,69,45,3,36484
2020-08-05,261,8,72,50,4,36484
2020-08-06,267,6,73,53,4,36484
2020-08-07,270,3,74,55,4,36484
2020-08-08,275,5,75,56,4,36484
2020-08-09,282,7,77,56,4,36484
2020-08-10,284,2,78,53,4,36484
2020-08-11,289,5,79,53,4,36484
2020-08-12,291,2,80,52,4,36484
2020-08-13,293,2,80,50,4,36484
2020-08-14,302,9,83,54,4,36484
2020-08-15,306,4,84,57,4,36484
2020-08-16,308,2,84,58,4,36484
2020-08-17,309,1,85,56,4,36484
2020-08-18,314,5,86,61,4,36484
2020-08-19,319,5,87,58,4,36484
2020-08-20,320,1,88,53,4,36484
2020-08-21,322,2,88,52,4,36484
2020-08-22,323,1,89,48,3,36484
2020-08-23,323,0,89,41,3,36484
2020-08-24,327,4,90,43,3,36484
2020-08-25,329,2,90,40,3,36484
2020-08-26,332,3,91,41,3,36484
2020-08-27,337,5,92,44,3,36484
2020-08-28,339,2,93,37,3,36484
2020-08-29,341,2,93,35,2,36484
2020-08-30,343,2,94,35,2,36484
2020-08-31,346,3,95,37,3,36484
2020-09-01,347,1,95,33,2,36484
2020-09-02,346,-1,95,27,2,36484
2020-09-03,347,1,95,27,2,36484
2020-09-04,349,2,96,27,2,36484
2020-09-05,350,1,96,27,2,36484
2020-09-06,352,2,96,29,2,36484
2020-09-07,353,1,97,26,2,36484
2020-09-08,355,2,97,26,2,36484
2020-09-09,358,3,98,26,2,36484
2020-09-10,360,2,99,23,2,36484
2020-09-11,361,1,99,22,2,36484
2020-09-12,361,0,99,20,1,36484
2020-09-13,366,5,100,23,2,36484
2020-09-14,363,-3,99,17,1,36484
2020-09-15,363,0,99,16,1,36484
2020-09-16,365,2,100,19,1,36484
2020-09-17,367,2,101,20,1,36484
2020-09-18,369,2,101,20,1,36484
2020-09-19,374,5,103,24,2,36484
2020-09-20,377,3,103,25,2,36484
2020-09-21,379,2,104,26,2,36484
2020-09-22,379,0,104,24,2,36484
2020-09-23,381,2,104,23,2,36484
2020-09-24,383,2,105,23,2,36484
2020-09-25,384,1,105,23,2,36484
2020-09-26,384,0,105,23,2,36484
2020-09-27,384,0,105,18,1,36484
2020-09-28,384,0,105,21,2,36484
2020-09-29,386,2,106,23,2,36484
2020-09-30,388,2,106,23,2,36484
2020-10-01,390,2,107,23,2,36484
2020-10-02,391,1,107,22,2,36484
2020-10-03,397,6,109,23,2,36484
2020-10-04,398,1,109,21,2,36484
2020-10-05,397,-1,109,18,1,36484
2020-10-06,405,8,111,26,2,36484
2020-10-07,407,2,112,26,2,36484
2020-10-08,407,0,112,24,2,36484
2020-10-09,408,1,112,24,2,36484
2020-10-10,408,0,112,24,2,36484
2020-10-11,408,0,112,24,2,36484
2020-10-12,410,2,112,26,2,36484
2020-10-13,415,5,114,29,2,36484
2020-10-14,418,3,115,30,2,36484
2020-10-15,421,3,115,31,2,36484
2020-10-16,421,0,115,30,2,36484
2020-10-17,421,0,115,24,2,36484
2020-10-18,421,0,115,23,2,36484
2020-10-19,425,4,116,28,2,36484
2020-10-20,426,1,117,21,2,36484
2020-10-21,431,5,118,24,2,36484
2020-10-22,438,7,120,31,2,36484
2020-10-23,442,4,121,34,2,36484
2020-10-24,448,6,123,40,3,36484
2020-10-25,449,1,123,41,3,36484
2020-10-26,454,5,124,44,3,36484
2020-10-27,457,3,125,42,3,36484
2020-10-28,459,2,126,41,3,36484
2020-10-29,462,3,127,41,3,36484
2020-10-30,471,9,129,50,4,36484
2020-10-31,473,2,130,52,4,36484
2020-11-01,474,1,130,53,4,36484
2020-11-02,474,0,130,49,4,36484
2020-11-03,476,2,130,50,4,36484
2020-11-04,478,2,131,47,3,36484
2020-11-05,484,6,133,46,3,36484
2020-11-06,487,3,133,45,3,36484
2020-11-07,488,1,134,40,3,36484
2020-11-08,491,3,135,42,3,36484
2020-11-09,492,1,135,38,3,36484
2020-11-10,505,13,138,48,3,36484
2020-11-11,511,6,140,52,4,36484
2020-11-12,517,6,142,55,4,36484
2020-11-13,523,6,143,52,4,36484
2020-11-14,536,13,147,63,4,36484
2020-11-15,539,3,148,65,5,36484
2020-11-16,543,4,149,69,5,36484
2020-11-17,547,4,150,71,5,36484
2020-11-18,560,13,153,82,6,36484
2020-11-19,572,12,157,88,6,36484
2020-11-20,572,0,157,85,6,36484
2020-11-21,588,16,161,100,7,36484
2020-11-22,596,8,163,105,8,36484
2020-11-23,618,22,169,126,9,36484
2020-11-24,629,11,172,124,9,36484
2020-11-25,638,9,175,127,9,36484
2020-11-26,648,10,178,131,9,36484
2020-11-27,670,22,184,147,10,36484
2020-11-28,684,14,187,148,11,36484
2020-11-29,700,16,192,161,12,36484
2020-11-30,705,5,193,162,12,36484
2020-12-01,717,12,197,170,12,36484
2020-12-02,730,13,200,170,12,36484
2020-12-03,740,10,203,168,12,36484
2020-12-04,753,13,206,181,13,36484
2020-12-05,776,23,213,188,13,36484
2020-12-06,790,14,217,194,14,36484
2020-12-07,808,18,221,190,14,36484
2020-12-08,835,27,229,206,15,36484
2020-12-09,844,9,231,206,15,36484
2020-12-10,865,21,237,217,16,36484
2020-12-11,883,18,242,213,15,36484
2020-12-12,900,17,247,216,15,36484
2020-12-13,926,26,254,226,16,36484
2020-12-14,953,27,261,248,18,36484
2020-12-15,965,12,264,248,18,36484
2020-12-16,995,30,273,265,19,36484
2020-12-17,1031,36,283,291,21,36484
2020-12-18,1058,27,290,305,22,36484
2020-12-19,1089,31,298,313,22,36484
2020-12-20,1118,29,306,328,23,36484
2020-12-21,1136,18,311,328,23,36484
2020-12-22,1167,31,320,332,24,36484
2020-12-23,1197,30,328,353,25,36484
2020-12-24,1222,25,335,357,26,36484
2020-12-25,1222,0,335,339,24,36484
2020-12-26,1288,66,353,388,28,36484
2020-12-27,1312,24,360,386,28,36484
2020-12-28,1325,13,363,372,27,36484
2020-12-29,1346,21,369,381,27,36484
2020-12-30,1381,35,379,386,28,36484
2020-12-31,1419,38,389,388,28,36484
2021-01-01,1450,31,397,392,28,36484
2021-01-02,1482,32,406,393,28,36484
2021-01-03,1493,11,409,375,27,36484
2021-01-04,1508,15,413,372,27,36484
2021-01-05,1527,19,419,360,26,36484
2021-01-06,1544,17,423,347,25,36484
2021-01-07,1570,26,430,348,25,36484
2021-01-08,1607,37,440,385,28,36484
2021-01-09,1639,32,449,351,25,36484
2021-01-10,1671,32,458,359,26,36484
2021-01-11,1693,22,464,368,26,36484
2021-01-12,1708,15,468,362,26,36484
2021-01-13,1727,19,473,346,25,36484
2021-01-14,1746,19,479,327,23,36484
2021-01-15,1778,32,487,328,23,36484
2021-01-16,1811,33,496,329,24,36484
2021-01-17,1830,19,502,337,24,36484
2021-01-18,1847,17,506,339,24,36484
2021-01-19,1863,16,511,336,24,36484
2021-01-20,1874,11,514,330,24,36484
2021-01-21,1893,19,519,323,23,36484
2021-01-22,1917,24,525,310,22,36484
2021-01-23,1938,21,531,299,21,36484
2021-01-24,1945,7,533,274,20,36484
2021-01-25,1953,8,535,260,19,36484
2021-01-26,1956,3,536,248,18,36484
2021-01-27,1970,14,540,243,17,36484
2021-01-28,1988,18,545,242,17,36484
2021-01-29,2000,12,548,222,16,36484
2021-01-30,2016,16,553,205,15,36484
2021-01-31,2027,11,556,197,14,36484
2021-02-01,2040,13,559,193,14,36484
2021-02-02,2040,0,559,177,13,36484
2021-02-03,2059,19,564,185,13,36484
2021-02-04,2062,3,565,169,12,36484
2021-02-05,2073,11,568,156,11,36484
2021-02-06,2088,15,572,150,11,36484
2021-02-07,2096,8,574,151,11,36484
2021-02-08,2096,0,574,143,10,36484
2021-02-09,2104,8,577,148,11,36484
2021-02-10,2111,7,579,141,10,36484
2021-02-11,2119,8,581,131,9,36484
2021-02-12,2127,8,583,127,9,36484
2021-02-13,2134,7,585,118,8,36484
2021-02-14,2136,2,585,109,8,36484
2021-02-15,2138,2,586,98,7,36484
2021-02-16,2139,1,586,99,7,36484
2021-02-17,2153,14,590,94,7,36484
2021-02-18,2160,7,592,98,7,36484
2021-02-19,2164,4,593,91,6,36484
2021-02-20,2166,2,594,78,6,36484
2021-02-21,2168,2,594,72,5,36484
2021-02-22,2168,0,594,72,5,36484
2021-02-23,2169,1,595,65,5,36484
2021-02-24,2169,0,595,58,4,36484
2021-02-25,2176,7,596,57,4,36484
2021-02-26,2178,2,597,51,4,36484
2021-02-27,2178,0,597,44,3,36484
2021-02-28,2178,0,597,42,3,36484
2021-03-01,2177,-1,597,39,3,36484
2021-03-02,2177,0,597,38,3,36484
2021-03-03,2177,0,597,24,2,36484
2021-03-04,2183,6,598,23,2,36484
2021-03-05,2185,2,599,21,2,36484
2021-03-06,2191,6,601,25,2,36484
2021-03-07,2192,1,601,24,2,36484
2021-03-08,2192,0,601,24,2,36484
2021-03-09,2196,4,602,27,2,36484
2021-03-10,2196,0,602,27,2,36484
2021-03-11,2201,5,603,25,2,36484
2021-03-12,2203,2,604,25,2,36484
2021-03-13,2204,1,604,26,2,36484
2021-03-14,2204,0,604,26,2,36484
2021-03-15,2204,0,604,27,2,36484
2021-03-16,2205,1,604,28,2,36484
2021-03-17,2209,4,605,32,2,36484
2021-03-18,2209,0,605,26,2,36484
2021-03-19,2210,1,606,25,2,36484
2021-03-20,2210,0,606,19,1,36484
2021-03-21,2211,1,606,19,1,36484
2021-03-22,2215,4,607,23,2,36484
2021-03-23,2215,0,607,19,1,36484
2021-03-24,2216,1,607,20,1,36484
2021-03-25,2216,0,607,15,1,36484
2021-03-26,2221,5,609,18,1,36484
2021-03-27,2222,1,609,18,1,36484
2021-03-28,2221,-1,609,17,1,36484
2021-03-29,2222,1,609,18,1,36484
2021-03-30,2222,0,609,17,1,36484
2021-03-31,2227,5,610,18,1,36484
2021-04-01,2230,3,611,21,2,36484
2021-04-02,2230,0,611,20,1,36484
2021-04-03,2230,0,611,20,1,36484
2021-04-04,2230,0,611,19,1,36484
2021-04-05,2232,2,612,17,1,36484
2021-04-06,2236,4,613,21,2,36484
2021-04-07,2238,2,613,22,2,36484
2021-04-08,2239,1,614,23,2,36484
2021-04-09,2239,0,614,18,1,36484
2021-04-10,2244,5,615,22,2,36484
2021-04-11,2244,0,615,23,2,36484
2021-04-12,2246,2,616,24,2,36484
2021-04-13,2246,0,616,24,2,36484
2021-04-14,2247,1,616,20,1,36484
2021-04-15,2249,2,616,19,1,36484
2021-04-16,2250,1,617,20,1,36484
2021-04-17,2254,4,618,24,2,36484
2021-04-18,2255,1,618,25,2,36484
2021-04-19,2255,0,618,23,2,36484
2021-04-20,2255,0,618,19,1,36484
2021-04-21,2256,1,618,18,1,36484
2021-04-22,2256,0,618,17,1,36484
2021-04-23,2263,7,620,24,2,36484
2021-04-24,2263,0,620,19,1,36484
2021-04-25,2263,0,620,19,1,36484
2021-04-26,2263,0,620,17,1,36484
2021-04-27,2264,1,621,18,1,36484
2021-04-28,2267,3,621,20,1,36484
2021-04-29,2267,0,621,18,1,36484
2021-04-30,2268,1,622,18,1,36484
2021-05-01,2268,0,622,14,1,36484
2021-05-02,2270,2,622,15,1,36484
2021-05-03,2270,0,622,15,1,36484
2021-05-04,2270,0,622,15,1,36484
2021-05-05,2269,-1,622,13,1,36484
2021-05-06,2270,1,622,14,1,36484
2021-05-07,2272,2,623,9,1,36484
2021-05-08,2273,1,623,10,1,36484
2021-05-09,2273,0,623,10,1,36484
2021-05-10,2272,-1,623,9,1,36484
2021-05-11,2272,0,623,8,1,36484
2021-05-12,2272,0,623,5,0,36484
2021-05-13,2272,0,623,5,0,36484
2021-05-14,2272,0,623,4,0,36484
2021-05-15,2272,0,623,4,0,36484
2021-05-16,2274,2,623,4,0,36484
2021-05-17,2276,2,624,6,0,36484
2021-05-18,2275,-1,624,5,0,36484
2021-05-19,2275,0,624,6,0,36484
2021-05-20,2275,0,624,5,0,36484
2021-05-21,2275,0,624,3,0,36484
2021-05-22,2275,0,624,2,0,36484
2021-05-23,2275,0,624,2,0,36484
2021-05-24,2277,2,624,5,0,36484
2021-05-25,2277,0,624,5,0,36484
2021-05-26,2277,0,624,5,0,36484
2021-05-27,2285,8,626,13,1,36484
2021-05-28,2285,0,626,13,1,36484
2021-05-29,2285,0,626,13,1,36484
2021-05-30,2285,0,626,11,1,36484
2021-05-31,2285,0,626,9,1,36484
2021-06-01,2285,0,626,10,1,36484
2021-06-02,2286,1,627,11,1,36484
2021-06-03,2286,0,627,11,1,36484
2021-06-04,2286,0,627,11,1,36484
2021-06-05,2286,0,627,11,1,36484
2021-06-06,2286,0,627,11,1,36484
2021-06-07,2286,0,627,9,1,36484
2021-06-08,2287,1,627,10,1,36484
2021-06-09,2287,0,627,10,1,36484
2021-06-10,2286,-1,627,1,0,36484
2021-06-11,2286,0,627,1,0,36484
2021-06-12,2287,1,627,2,0,36484
2021-06-13,2287,0,627,2,0,36484
2021-06-14,2287,0,627,2,0,36484
2021-06-15,2287,0,627,2,0,36484
2021-06-16,2287,0,627,1,0,36484
2021-06-17,2291,4,628,5,0,36484
2021-06-18,2291,0,628,5,0,36484
2021-06-19,2289,-2,627,3,0,36484
2021-06-20,2292,3,628,6,0,36484
2021-06-21,2292,0,628,6,0,36484
2021-06-22,2292,0,628,5,0,36484
2021-06-23,2293,1,628,6,0,36484
2021-06-24,2294,1,629,8,1,36484
2021-06-25,2295,1,629,9,1,36484
2021-06-26,2295,0,629,8,1,36484
2021-06-27,2295,0,629,8,1,36484
2021-06-28,2295,0,629,8,1,36484
2021-06-29,2295,0,629,8,1,36484
2021-06-30,2296,1,629,9,1,36484
2021-07-01,2296,0,629,5,0,36484
2021-07-02,2297,1,630,6,0,36484
2021-07-03,2299,2,630,10,1,36484
2021-07-04,2299,0,630,7,0,36484
2021-07-05,2300,1,630,8,1,36484
2021-07-06,2300,0,630,8,1,36484
2021-07-07,2302,2,631,9,1,36484
2021-07-08,2303,1,631,9,1,36484
2021-07-09,2303,0,631,8,1,36484
2021-07-10,2307,4,632,12,1,36484
2021-07-11,2307,0,632,12,1,36484
2021-07-12,2309,2,633,14,1,36484
2021-07-13,2312,3,634,17,1,36484
2021-07-14,2313,1,634,17,1,36484
2021-07-15,2313,0,634,17,1,36484
2021-07-16,2320,7,636,23,2,36484
2021-07-17,2325,5,637,26,2,36484
2021-07-18,2326,1,638,27,2,36484
2021-07-19,2331,5,639,31,2,36484
2021-07-20,2335,4,640,35,2,36484
2021-07-21,2336,1,640,34,2,36484
2021-07-22,2340,4,641,37,3,36484
2021-07-23,2342,2,642,39,3,36484
2021-07-24,2343,1,642,36,3,36484
2021-07-25,2347,4,643,40,3,36484
2021-07-26,2351,4,644,42,3,36484
2021-07-27,2358,7,646,46,3,36484
2021-07-28,2364,6,648,51,4,36484
2021-07-29,2370,6,650,57,4,36484
2021-07-30,2373,3,650,53,4,36484
2021-07-31,2380,7,652,55,4,36484
2021-08-01,2386,6,654,60,4,36484
2021-08-02,2390,4,655,59,4,36484
2021-08-03,2395,5,656,60,4,36484
2021-08-04,2403,8,659,67,5,36484
2021-08-05,2410,7,661,70,5,36484
2021-08-06,2418,8,663,76,5,36484
2021-08-07,2423,5,664,80,6,36484
2021-08-08,2433,10,667,86,6,36484
2021-08-09,2438,5,668,87,6,36484
2021-08-10,2438,0,668,80,6,36484
2021-08-11,2438,0,668,74,5,36484
2021-08-12,2438,0,668,68,5,36484
2021-08-13,2438,0,668,65,5,36484
2021-08-14,2438,0,668,58,4,36484
2021-08-15,2488,50,682,102,7,36484
2021-08-16,2493,5,683,103,7,36484
2021-08-17,2500,7,685,105,8,36484
2021-08-18,2511,11,688,108,8,36484
2021-08-19,2511,0,688,101,7,36484
2021-08-20,2511,0,688,93,7,36484
2021-08-21,2547,36,698,124,9,36484
2021-08-22,2549,2,699,116,8,36484
2021-08-23,2557,8,701,119,8,36484
2021-08-24,2568,11,704,130,9,36484
2021-08-25,2578,10,707,140,10,36484
2021-08-26,2588,10,709,150,11,36484
2021-08-27,2594,6,711,156,11,36484
2021-08-28,2604,10,714,166,12,36484
2021-08-29,2612,8,716,124,9,36484
2021-08-30,2620,8,718,127,9,36484
2021-08-31,2622,2,719,122,9,36484
2021-09-01,2624,2,719,113,8,36484
2021-09-02,2632,8,721,121,9,36484
2021-09-03,2636,4,723,125,9,36484
2021-09-04,2642,6,724,95,7,36484
2021-09-05,2650,8,726,101,7,36484
2021-09-06,2656,6,728,99,7,36484
2021-09-07,2661,5,729,93,7,36484
2021-09-08,2670,9,732,92,7,36484
2021-09-09,2670,0,732,82,6,36484
2021-09-10,2685,15,736,91,6,36484
2021-09-11,2685,0,736,81,6,36484
2021-09-12,2685,0,736,73,5,36484
2021-09-13,2697,12,739,77,6,36484
2021-09-14,2703,6,741,81,6,36484
2021-09-15,2708,5,742,84,6,36484
2021-09-16,2713,5,744,81,6,36484
2021-09-17,2722,9,746,86,6,36484
2021-09-18,2725,3,747,83,6,36484
2021-09-19,2730,5,748,80,6,36484
2021-09-20,2730,0,748,74,5,36484
2021-09-21,2730,0,748,69,5,36484
2021-09-22,2730,0,748,60,4,36484
2021-09-23,2730,0,748,60,4,36484
2021-09-24,2755,25,755,70,5,36484
2021-09-25,2758,3,756,73,5,36484
2021-09-26,2760,2,756,75,5,36484
2021-09-27,2760,0,756,63,4,36484
2021-09-28,2764,4,758,61,4,36484
2021-09-29,2768,4,759,60,4,36484
2021-09-30,2768,0,759,55,4,36484
2021-10-01,2768,0,759,46,3,36484
2021-10-02,2778,10,761,53,4,36484
2021-10-03,2789,11,764,59,4,36484
2021-10-04,2789,0,764,59,4,36484
2021-10-05,2792,3,765,62,4,36484
2021-10-06,2799,7,767,69,5,36484
2021-10-07,2801,2,768,71,5,36484
2021-10-08,2804,3,769,49,4,36484
2021-10-09,2810,6,770,52,4,36484
2021-10-10,2817,7,772,57,4,36484
2021-10-11,2820,3,773,60,4,36484
2021-10-12,2822,2,773,58,4,36484
2021-10-13,2829,7,775,61,4,36484
2021-10-14,2829,0,775,61,4,36484
2021-10-15,2829,0,775,61,4,36484
2021-10-16,2829,0,775,51,4,36484
2021-10-17,2829,0,775,40,3,36484
2021-10-18,2829,0,775,40,3,36484
2021-10-19,2829,0,775,37,3,36484
2021-10-20,2829,0,775,30,2,36484
2021-10-21,2829,0,775,28,2,36484
2021-10-22,2829,0,775,25,2,36484
2021-10-23,2860,31,784,50,4,36484
2021-10-24,2861,1,784,44,3,36484
2021-10-25,2866,5,786,46,3,36484
2021-10-26,2870,4,787,48,3,36484
2021-10-27,2873,3,787,44,3,36484
2021-10-28,2878,5,789,49,4,36484
2021-10-29,2881,3,790,52,4,36484
2021-10-30,2882,1,790,53,4,36484
2021-10-31,2884,2,790,55,4,36484
2021-11-01,2888,4,792,59,4,36484
2021-11-02,2888,0,792,59,4,36484
2021-11-03,2895,7,793,66,5,36484
2021-11-04,2897,2,794,68,5,36484
2021-11-05,2903,6,796,74,5,36484
2021-11-06,2909,6,797,49,4,36484
2021-11-07,2911,2,798,50,4,36484
2021-11-08,2919,8,800,53,4,36484
2021-11-09,2923,4,801,53,4,36484
2021-11-10,2926,3,802,53,4,36484
2021-11-11,2932,6,804,54,4,36484
2021-11-12,2937,5,805,56,4,36484
2021-11-13,2943,6,807,61,4,36484
2021-11-14,2944,1,807,60,4,36484
2021-11-15,2947,3,808,59,4,36484
2021-11-16,2947,0,808,59,4,36484
2021-11-17,2947,0,808,52,4,36484
2021-11-18,2947,0,808,50,4,36484
2021-11-19,2958,11,811,55,4,36484
2021-11-20,2967,9,813,58,4,36484
2021-11-21,2967,0,813,56,4,36484
2021-11-22,2977,10,816,58,4,36484
2021-11-23,2978,1,816,55,4,36484
2021-11-24,2984,6,818,58,4,36484
2021-11-25,2984,0,818,52,4,36484
2021-11-26,2998,14,822,61,4,36484
2021-11-27,3001,3,823,58,4,36484
2021-11-28,3002,1,823,58,4,36484
2021-11-29,3004,2,823,57,4,36484
2021-11-30,3004,0,823,57,4,36484
2021-12-01,3007,3,824,60,4,36484
2021-12-02,3013,6,826,66,5,36484
2021-12-03,3023,10,829,65,5,36484
2021-12-04,3032,9,831,65,5,36484
2021-12-05,3042,10,834,75,5,36484
2021-12-06,3049,7,836,72,5,36484
2021-12-07,3047,-2,835,69,5,36484
2021-12-08,3047,0,835,63,4,36484
2021-12-09,3047,0,835,63,4,36484
2021-12-10,3047,0,835,49,4,36484
2021-12-11,3047,0,835,46,3,36484
2021-12-12,3047,0,835,45,3,36484
2021-12-13,3047,0,835,43,3,36484
2021-12-14,3047,0,835,43,3,36484
2021-12-15,3047,0,835,40,3,36484
2021-12-16,3092,45,847,79,6,36484
2021-12-17,3105,13,851,82,6,36484
2021-12-18,3114,9,854,82,6,36484
2021-12-19,3124,10,856,82,6,36484
2021-12-20,3124,0,856,75,5,36484
2021-12-21,3143,19,861,96,7,36484
2021-12-22,3161,18,866,114,8,36484
2021-12-23,3161,0,866,114,8,36484
2021-12-24,3203,42,878,156,11,36484
2021-12-25,3203,0,878,156,11,36484
2021-12-26,3272,69,897,225,16,36484
2021-12-27,3296,24,903,249,18,36484
2021-12-28,3311,15,908,264,19,36484
2021-12-29,3336,25,914,289,21,36484
2021-12-30,3398,62,931,306,22,36484
2021-12-31,3470,72,951,365,26,36484
2022-01-01,3470,0,951,356,25,36484
2022-01-02,3590,120,984,466,33,36484
2022-01-03,3590,0,984,466,33,36484
2022-01-04,3705,115,1016,562,40,36484
2022-01-05,3780,75,1036,619,44,36484
2022-01-06,3873,93,1062,712,51,36484
2022-01-07,3961,88,1086,758,54,36484
2022-01-08,4006,45,1098,803,57,36484
2022-01-09,4103,97,1125,831,59,36484
2022-01-10,4209,106,1154,913,65,36484
2022-01-11,4297,88,1178,986,70,36484
2022-01-12,4356,59,1194,1020,73,36484
2022-01-13,4456,100,1221,1058,76,36484
2022-01-14,4556,100,1249,1086,78,36484
2022-01-15,4636,80,1271,1166,83,36484
2022-01-16,4720,84,1294,1130,81,36484
2022-01-17,4788,68,1312,1198,86,36484
2022-01-18,4833,45,1325,1128,81,36484
2022-01-19,4884,51,1339,1104,79,36484
2022-01-20,4985,101,1366,1112,79,36484
2022-01-21,5072,87,1390,1111,79,36484
2022-01-22,5160,88,1414,1154,82,36484
2022-01-23,5224,64,1432,1121,80,36484
2022-01-24,5310,86,1455,1101,79,36484
2022-01-25,5335,25,1462,1038,74,36484
2022-01-26,5378,43,1474,1022,73,36484
2022-01-27,5473,95,1500,1017,73,36484
2022-01-28,5530,57,1516,974,70,36484
2022-01-29,5589,59,1532,953,68,36484
2022-01-30,5620,31,1540,900,64,36484
2022-01-31,5648,28,1548,860,61,36484
2022-02-01,5668,20,1554,835,60,36484
2022-02-02,5696,28,1561,812,58,36484
2022-02-03,5718,22,1567,733,52,36484
2022-02-04,5734,16,1572,662,47,36484
2022-02-05,5749,15,1576,589,42,36484
2022-02-06,5764,15,1580,540,39,36484
2022-02-07,5778,14,1584,468,33,36484
2022-02-08,5785,7,1586,450,32,36484
2022-02-09,5803,18,1591,425,30,36484
2022-02-10,5824,21,1596,351,25,36484
2022-02-11,5845,21,1602,315,22,36484
2022-02-12,5861,16,1606,272,19,36484
2022-02-13,5872,11,1609,252,18,36484
2022-02-14,5878,6,1611,230,16,36484
2022-02-15,5881,3,1612,213,15,36484
2022-02-16,5889,8,1614,193,14,36484
2022-02-17,5906,17,1619,188,13,36484
2022-02-18,5920,14,1623,186,13,36484
2022-02-19,5936,16,1627,187,13,36484
2022-02-20,5950,14,1631,186,13,36484
2022-02-21,5954,4,1632,176,13,36484
2022-02-22,5957,3,1633,172,12,36484
2022-02-23,5961,4,1634,158,11,36484
2022-02-24,5975,14,1638,151,11,36484
2022-02-25,5985,10,1640,140,10,36484
2022-02-26,5995,10,1643,134,10,36484
2022-02-27,5995,0,1643,123,9,36484
2022-02-28,5995,0,1643,117,8,36484
2022-03-01,6007,12,1646,126,9,36484
2022-03-02,6012,5,1648,123,9,36484
2022-03-03,6028,16,1652,122,9,36484
2022-03-04,6031,3,1653,111,8,36484
2022-03-05,6036,5,1654,100,7,36484
2022-03-06,6036,0,1654,86,6,36484
2022-03-07,6045,9,1657,91,6,36484
2022-03-08,6048,3,1658,91,6,36484
2022-03-09,6049,1,1658,88,6,36484
2022-03-10,6062,13,1662,87,6,36484
2022-03-11,6072,10,1664,87,6,36484
2022-03-12,6075,3,1665,80,6,36484
2022-03-13,6075,0,1665,80,6,36484
2022-03-14,6086,11,1668,91,6,36484
2022-03-15,6086,0,1668,79,6,36484
2022-03-16,6089,3,1669,77,6,36484
2022-03-17,6091,2,1669,63,4,36484
2022-03-18,6259,168,1716,228,16,36484
2022-03-19,6437,178,1764,401,29,36484
2022-03-20,6437,0,1764,401,29,36484
2022-03-21,6477,40,1775,432,31,36484
2022-03-22,6479,2,1776,431,31,36484
2022-03-23,6486,7,1778,437,31,36484
2022-03-24,6500,14,1782,438,31,36484
2022-03-25,6509,9,1784,437,31,36484
2022-03-26,6515,6,1786,440,31,36484
2022-03-27,6515,0,1786,440,31,36484
2022-03-28,6536,21,1791,450,32,36484
2022-03-29,6538,2,1792,452,32,36484
2022-03-30,6544,6,1794,455,32,36484
2022-03-31,6584,40,1805,493,35,36484
2022-04-01,6607,23,1811,348,25,36484
2022-04-02,6607,0,1811,170,12,36484
2022-04-03,6607,0,1811,170,12,36484
2022-04-04,6645,38,1821,168,12,36484
2022-04-05,6647,2,1822,168,12,36484
2022-04-06,6669,22,1828,183,13,36484
2022-04-07,6725,56,1843,225,16,36484
2022-04-08,6824,99,1870,315,22,36484
2022-04-09,6824,0,1870,309,22,36484
2022-04-10,6824,0,1870,309,22,36484
2022-04-11,6919,95,1896,383,27,36484
2022-04-12,6921,2,1897,383,27,36484
2022-04-13,6937,16,1901,393,28,36484
2022-04-14,6994,57,1917,410,29,36484
2022-04-15,7011,17,1922,404,29,36484
2022-04-16,7011,0,1922,404,29,36484
2022-04-17,7011,0,1922,404,29,36484
2022-04-18,7034,23,1928,389,28,36484
2022-04-19,7035,1,1928,388,28,36484
2022-04-20,7042,7,1930,373,27,36484
2022-04-21,7066,24,1937,341,24,36484
2022-04-22,7077,11,1940,253,18,36484
2022-04-23,7077,0,1940,253,18,36484
2022-04-24,7077,0,1940,253,18,36484
2022-04-25,7122,45,1952,203,14,36484
2022-04-26,7126,4,1953,205,15,36484
2022-04-27,7128,2,1954,191,14,36484
2022-04-28,7141,13,1957,147,10,36484
2022-04-29,7159,18,1962,148,11,36484
2022-04-30,7159,0,1962,148,11,36484
2022-05-01,7159,0,1962,148,11,36484
2022-05-02,7176,17,1967,142,10,36484
2022-05-03,7179,3,1968,144,10,36484
2022-05-04,7188,9,1970,146,10,36484
2022-05-05,7212,24,1977,146,10,36484
2022-05-06,7239,27,1984,162,12,36484
2022-05-07,7239,0,1984,162,12,36484
2022-05-08,7239,0,1984,162,12,36484
2022-05-09,7282,43,1996,160,11,36484
2022-05-10,7284,2,1996,158,11,36484
2022-05-11,7290,6,1998,162,12,36484
2022-05-12,7305,15,2002,164,12,36484
2022-05-13,7318,13,2006,159,11,36484
2022-05-14,7318,0,2006,159,11,36484
2022-05-15,7318,0,2006,159,11,36484
2022-05-16,7329,11,2009,153,11,36484
2022-05-17,7350,21,2015,171,12,36484
2022-05-18,7356,6,2016,168,12,36484
2022-05-19,7366,10,2019,154,11,36484
2022-05-20,7362,-4,2018,123,9,36484
2022-05-21,7362,0,2018,123,9,36484
2022-05-22,7362,0,2018,123,9,36484
2022-05-23,7418,56,2033,136,10,36484
2022-05-24,7428,10,2036,144,10,36484
2022-05-25,7433,5,2037,143,10,36484
2022-05-26,7448,15,2041,143,10,36484
2022-05-27,7468,20,2047,150,11,36484
2022-05-28,7468,0,2047,150,11,36484
2022-05-29,7468,0,2047,150,11,36484
2022-05-30,7522,54,2062,193,14,36484
2022-05-31,7527,5,2063,177,13,36484
2022-06-01,7535,8,2065,179,13,36484
2022-06-02,7543,8,2067,177,13,36484
2022-06-03,7558,15,2072,196,14,36484
2022-06-04,7558,0,2072,196,14,36484
2022-06-05,7558,0,2072,196,14,36484
2022-06-06,7599,41,2083,181,13,36484
2022-06-07,7606,7,2085,178,13,36484
2022-06-08,7612,6,2086,179,13,36484
2022-06-09,7622,10,2089,174,12,36484
2022-06-10,7645,23,2095,177,13,36484
2022-06-11,7645,0,2095,177,13,36484
2022-06-12,7645,0,2095,177,13,36484
2022-06-13,7691,46,2108,169,12,36484
2022-06-14,7699,8,2110,172,12,36484
2022-06-15,7711,12,2114,176,13,36484
2022-06-16,7733,22,2120,190,14,36484
2022-06-17,7746,13,2123,188,13,36484
2022-06-18,7746,0,2123,188,13,36484
2022-06-19,7746,0,2123,188,13,36484
2022-06-20,7785,39,2134,186,13,36484
2022-06-21,7791,6,2135,185,13,36484
2022-06-22,7806,15,2140,194,14,36484
2022-06-23,7820,14,2143,198,14,36484
2022-06-24,7834,14,2147,189,14,36484
2022-06-25,7834,0,2147,189,14,36484
2022-06-26,7834,0,2147,189,14,36484
2022-06-27,7865,31,2156,174,12,36484
2022-06-28,7872,7,2158,173,12,36484
2022-06-29,7881,9,2160,170,12,36484
2022-06-30,7895,14,2164,162,12,36484
2022-07-01,7917,22,2170,171,12,36484
2022-07-02,7917,0,2170,171,12,36484
2022-07-03,7917,0,2170,171,12,36484
2022-07-04,7954,37,2180,169,12,36484
2022-07-05,7968,14,2184,177,13,36484
2022-07-06,7973,5,2185,167,12,36484
2022-07-07,7981,8,2188,161,12,36484
2022-07-08,7981,0,2188,147,10,36484
2022-07-09,7981,0,2188,147,10,36484
2022-07-10,7981,0,2188,147,10,36484
2022-07-11,8057,76,2208,192,14,36484
2022-07-12,8064,7,2210,192,14,36484
2022-07-13,8080,16,2215,199,14,36484
2022-07-14,8099,19,2220,204,15,36484
2022-07-15,8099,0,2220,182,13,36484
2022-07-16,8099,0,2220,182,13,36484
2022-07-17,8099,0,2220,182,13,36484
2022-07-18,8172,73,2240,218,16,36484
2022-07-19,8174,2,2240,206,15,36484
2022-07-20,8188,14,2244,215,15,36484
2022-07-21,8212,24,2251,231,16,36484
2022-07-22,8233,21,2257,252,18,36484
2022-07-23,8233,0,2257,252,18,36484
2022-07-24,8233,0,2257,252,18,36484
2022-07-25,8267,34,2266,210,15,36484
2022-07-26,8268,1,2266,204,15,36484
2022-07-27,8289,21,2272,209,15,36484
2022-07-28,8299,10,2275,200,14,36484
2022-07-29,8278,-21,2269,179,13,36484
2022-07-30,8278,0,2269,179,13,36484
2022-07-31,8278,0,2269,179,13,36484
2022-08-01,8278,0,2269,106,8,36484
2022-08-02,8278,0,2269,104,7,36484
2022-08-03,8278,0,2269,90,6,36484
2022-08-04,8278,0,2269,66,5,36484
2022-08-05,8278,0,2269,45,3,36484
2022-08-06,8278,0,2269,45,3,36484
2022-08-07,8278,0,2269,45,3,36484
2022-08-08,8278,0,2269,11,1,36484
2022-08-09,8382,104,2297,114,8,36484
2022-08-10,8390,8,2300,101,7,36484
2022-08-11,8398,8,2302,99,7,36484
2022-08-12,8405,7,2304,127,9,36484
2022-08-13,8405,0,2304,127,9,36484
2022-08-14,8405,0,2304,127,9,36484
2022-08-15,8431,26,2311,153,11,36484
2022-08-16,8437,6,2313,159,11,36484
2022-08-17,8443,6,2314,165,12,36484
2022-08-18,8448,5,2316,170,12,36484
2022-08-19,8448,0,2316,170,12,36484
2022-08-20,8448,0,2316,170,12,36484
2022-08-21,8448,0,2316,170,12,36484
2022-08-22,8474,26,2323,196,14,36484
2022-08-23,8477,3,2323,95,7,36484
2022-08-24,8484,7,2325,94,7,36484
2022-08-25,8500,16,2330,102,7,36484
2022-08-26,8511,11,2333,106,8,36484
2022-08-27,8511,0,2333,106,8,36484
2022-08-28,8511,0,2333,106,8,36484
2022-08-29,8546,35,2342,115,8,36484
2022-08-30,8549,3,2343,112,8,36484
2022-08-31,8557,8,2345,114,8,36484
2022-09-01,8584,27,2353,136,10,36484
2022-09-02,8614,30,2361,166,12,36484
2022-09-03,8614,0,2361,166,12,36484
2022-09-04,8614,0,2361,166,12,36484
2022-09-05,8644,30,2369,170,12,36484
2022-09-06,8649,5,2371,172,12,36484
2022-09-07,8661,12,2374,177,13,36484
2022-09-08,8674,13,2377,174,12,36484
2022-09-09,8690,16,2382,179,13,36484
2022-09-10,8690,0,2382,179,13,36484
2022-09-11,8690,0,2382,179,13,36484
2022-09-12,8718,28,2390,172,12,36484
2022-09-13,8729,11,2393,180,13,36484
2022-09-14,8734,5,2394,177,13,36484
2022-09-15,8751,17,2399,167,12,36484
2022-09-16,8761,10,2401,147,10,36484
2022-09-17,8761,0,2401,147,10,36484
2022-09-18,8761,0,2401,147,10,36484
2022-09-19,8784,23,2408,140,10,36484
2022-09-20,8790,6,2409,141,10,36484
2022-09-21,8796,6,2411,135,10,36484
2022-09-22,8800,4,2412,126,9,36484
2022-09-23,8807,7,2414,117,8,36484
2022-09-24,8807,0,2414,117,8,36484
2022-09-25,8807,0,2414,117,8,36484
2022-09-26,8831,24,2421,113,8,36484
2022-09-27,8837,6,2422,108,8,36484
2022-09-28,8839,2,2423,105,8,36484
2022-09-29,8852,13,2426,101,7,36484
2022-09-30,8862,10,2429,101,7,36484
2022-10-01,8862,0,2429,101,7,36484
2022-10-02,8862,0,2429,101,7,36484
2022-10-03,8875,13,2433,91,6,36484
2022-10-04,8875,0,2433,85,6,36484
2022-10-05,8875,0,2433,79,6,36484
2022-10-06,8878,3,2433,78,6,36484
2022-10-07,8882,4,2434,75,5,36484
2022-10-08,8882,0,2434,75,5,36484
2022-10-09,8882,0,2434,75,5,36484
2022-10-10,8882,0,2434,51,4,36484
2022-10-11,8895,13,2438,58,4,36484
2022-10-12,8897,2,2439,58,4,36484
2022-10-13,8904,7,2441,52,4,36484
2022-10-14,8905,1,2441,43,3,36484
2022-10-15,8905,0,2441,43,3,36484
2022-10-16,8905,0,2441,43,3,36484
2022-10-17,8909,4,2442,34,2,36484
2022-10-18,8909,0,2442,34,2,36484
2022-10-19,8916,7,2444,41,3,36484
2022-10-20,8921,5,2445,43,3,36484
2022-10-21,8922,1,2445,40,3,36484
2022-10-22,8922,0,2445,40,3,36484
2022-10-23,8922,0,2445,40,3,36484
2022-10-24,8936,14,2449,54,4,36484
2022-10-25,8941,5,2451,46,3,36484
2022-10-26,8942,1,2451,45,3,36484
2022-10-27,8950,8,2453,46,3,36484
2022-10-28,8961,11,2456,56,4,36484
2022-10-29,8961,0,2456,56,4,36484
2022-10-30,8961,0,2456,56,4,36484
2022-10-31,8977,16,2461,68,5,36484
2022-11-01,8981,4,2462,72,5,36484
2022-11-02,8987,6,2463,71,5,36484
2022-11-03,8997,10,2466,76,5,36484
2022-11-04,9003,6,2468,81,6,36484
2022-11-05,9003,0,2468,81,6,36484
2022-11-06,9003,0,2468,81,6,36484
2022-11-07,9016,13,2471,80,6,36484
2022-11-08,9021,5,2473,80,6,36484
2022-11-09,9026,5,2474,84,6,36484
2022-11-10,9026,0,2474,76,5,36484
2022-11-11,9026,0,2474,65,5,36484
2022-11-12,9026,0,2474,65,5,36484
2022-11-13,9026,0,2474,65,5,36484
2022-11-14,9067,41,2485,90,6,36484
2022-11-15,9074,7,2487,93,7,36484
2022-11-16,9079,5,2488,92,7,36484
2022-11-17,9079,0,2488,82,6,36484
2022-11-18,9092,13,2492,89,6,36484
2022-11-19,9092,0,2492,89,6,36484
2022-11-20,9092,0,2492,89,6,36484
2022-11-21,9092,0,2492,76,5,36484
